Test for classes without default constructor...
Test OK...
Test for my Matrix...
matrix vector size = 10
i = 0size = 10

     1.00000000

i = 1size = 10

     2.00000000     2.00000000
     2.00000000     2.00000000

i = 2size = 10

     3.00000000     3.00000000     3.00000000
     3.00000000     3.00000000     3.00000000
     3.00000000     3.00000000     3.00000000

i = 3size = 10

     4.00000000     4.00000000     4.00000000     4.00000000
     4.00000000     4.00000000     4.00000000     4.00000000
     4.00000000     4.00000000     4.00000000     4.00000000
     4.00000000     4.00000000     4.00000000     4.00000000

i = 4size = 10

     5.00000000     5.00000000     5.00000000     5.00000000     5.00000000
     5.00000000     5.00000000     5.00000000     5.00000000     5.00000000
     5.00000000     5.00000000     5.00000000     5.00000000     5.00000000
     5.00000000     5.00000000     5.00000000     5.00000000     5.00000000
     5.00000000     5.00000000     5.00000000     5.00000000     5.00000000

i = 5size = 10

     6.00000000     6.00000000     6.00000000     6.00000000     6.00000000     6.00000000
     6.00000000     6.00000000     6.00000000     6.00000000     6.00000000     6.00000000
     6.00000000     6.00000000     6.00000000     6.00000000     6.00000000     6.00000000
     6.00000000     6.00000000     6.00000000     6.00000000     6.00000000     6.00000000
     6.00000000     6.00000000     6.00000000     6.00000000     6.00000000     6.00000000
     6.00000000     6.00000000     6.00000000     6.00000000     6.00000000     6.00000000

i = 6size = 10

     7.00000000     7.00000000     7.00000000     7.00000000     7.00000000     7.00000000     7.00000000
     7.00000000     7.00000000     7.00000000     7.00000000     7.00000000     7.00000000     7.00000000
     7.00000000     7.00000000     7.00000000     7.00000000     7.00000000     7.00000000     7.00000000
     7.00000000     7.00000000     7.00000000     7.00000000     7.00000000     7.00000000     7.00000000
     7.00000000     7.00000000     7.00000000     7.00000000     7.00000000     7.00000000     7.00000000
     7.00000000     7.00000000     7.00000000     7.00000000     7.00000000     7.00000000     7.00000000
     7.00000000     7.00000000     7.00000000     7.00000000     7.00000000     7.00000000     7.00000000

i = 7size = 10

     8.00000000     8.00000000     8.00000000     8.00000000     8.00000000     8.00000000     8.00000000     8.00000000
     8.00000000     8.00000000     8.00000000     8.00000000     8.00000000     8.00000000     8.00000000     8.00000000
     8.00000000     8.00000000     8.00000000     8.00000000     8.00000000     8.00000000     8.00000000     8.00000000
     8.00000000     8.00000000     8.00000000     8.00000000     8.00000000     8.00000000     8.00000000     8.00000000
     8.00000000     8.00000000     8.00000000     8.00000000     8.00000000     8.00000000     8.00000000     8.00000000
     8.00000000     8.00000000     8.00000000     8.00000000     8.00000000     8.00000000     8.00000000     8.00000000
     8.00000000     8.00000000     8.00000000     8.00000000     8.00000000     8.00000000     8.00000000     8.00000000
     8.00000000     8.00000000     8.00000000     8.00000000     8.00000000     8.00000000     8.00000000     8.00000000

i = 8size = 10

     9.00000000     9.00000000     9.00000000     9.00000000     9.00000000     9.00000000     9.00000000     9.00000000     9.00000000
     9.00000000     9.00000000     9.00000000     9.00000000     9.00000000     9.00000000     9.00000000     9.00000000     9.00000000
     9.00000000     9.00000000     9.00000000     9.00000000     9.00000000     9.00000000     9.00000000     9.00000000     9.00000000
     9.00000000     9.00000000     9.00000000     9.00000000     9.00000000     9.00000000     9.00000000     9.00000000     9.00000000
     9.00000000     9.00000000     9.00000000     9.00000000     9.00000000     9.00000000     9.00000000     9.00000000     9.00000000
     9.00000000     9.00000000     9.00000000     9.00000000     9.00000000     9.00000000     9.00000000     9.00000000     9.00000000
     9.00000000     9.00000000     9.00000000     9.00000000     9.00000000     9.00000000     9.00000000     9.00000000     9.00000000
     9.00000000     9.00000000     9.00000000     9.00000000     9.00000000     9.00000000     9.00000000     9.00000000     9.00000000
     9.00000000     9.00000000     9.00000000     9.00000000     9.00000000     9.00000000     9.00000000     9.00000000     9.00000000

i = 9size = 10

    10.00000000    10.00000000    10.00000000    10.00000000    10.00000000    10.00000000    10.00000000    10.00000000    10.00000000    10.00000000
    10.00000000    10.00000000    10.00000000    10.00000000    10.00000000    10.00000000    10.00000000    10.00000000    10.00000000    10.00000000
    10.00000000    10.00000000    10.00000000    10.00000000    10.00000000    10.00000000    10.00000000    10.00000000    10.00000000    10.00000000
    10.00000000    10.00000000    10.00000000    10.00000000    10.00000000    10.00000000    10.00000000    10.00000000    10.00000000    10.00000000
    10.00000000    10.00000000    10.00000000    10.00000000    10.00000000    10.00000000    10.00000000    10.00000000    10.00000000    10.00000000
    10.00000000    10.00000000    10.00000000    10.00000000    10.00000000    10.00000000    10.00000000    10.00000000    10.00000000    10.00000000
    10.00000000    10.00000000    10.00000000    10.00000000    10.00000000    10.00000000    10.00000000    10.00000000    10.00000000    10.00000000
    10.00000000    10.00000000    10.00000000    10.00000000    10.00000000    10.00000000    10.00000000    10.00000000    10.00000000    10.00000000
    10.00000000    10.00000000    10.00000000    10.00000000    10.00000000    10.00000000    10.00000000    10.00000000    10.00000000    10.00000000
    10.00000000    10.00000000    10.00000000    10.00000000    10.00000000    10.00000000    10.00000000    10.00000000    10.00000000    10.00000000

